90 6
0000000000
0000000000
0000000000
0000000000
0000000000
0000000000
0000000000
0000000000
0000000000
0000000000
0000000000
0000000000
0000000000
0000200000
0000200000
0000300000
0000100000
0000100000
0000200000
0000202010
0200203030
3100202030
2300102120
1220132310
1130332120
3330232210
2230112323
2220322223
1110323221
2112221131
2111331233
3313322222
3323131331
2122132313
1321131333
3211213213
2333323213
3121123322
3112322113
1321123222
3122232121
2131332111
3323333211
3322211121
2121133323
1123333312
1233223311
2313113223
1313131312
2122122131
1312233111
1122123311
1313113133
2121333222
1333231131
2312112211
3332222122
2311212133
1311123133
1133231223
1311231323
1332313211
3231123123
1321211221
3333332232
2122113313
1211213221
1111122132
1111311231
1321113222
2333312331
1223331322
3132311212
1321313111
2232123122
3313332323
3223231121
2232131321
1222233223
3131222111
3133223113
2211112133
2233231313
3132313311
3312221221
2233122131
3323233131
2212113311
3222133323
1322332312